🔍 沪深300选股扫描 | 2026-04-07 12:02

### 综合 Top 5
**平安银行(000001)** 评分75 | 均线多头 主力流入29026.9亿 PE偏低(5.8) ROE中高(11.5%)
**贵州茅台(600519)** 评分72 | 均线多头 主力流入22338.8亿 PE偏低(29.6) ROE高(33.4%)
**万科A(000002)** 评分68 | 均线多头 主力流入29421.0亿 PE偏低(18.8) ROE低(1.4%)
**中国巨石(600176)** 评分45 | 均线多头 主力流入18001.5亿 PE合理(31.6) ROE低(0.3%)
**工业富联(601138)** 评分41 | 均线多头 主力流入19634.7亿 PE合理(29.4) ROE低(0.2%)

### 稳健 Top 5
**平安银行(000001)** 评分75 | 均线多头 主力流入29026.9亿 PE偏低(5.8) ROE中高(11.5%)
**贵州茅台(600519)** 评分72 | 均线多头 主力流入22338.8亿 PE偏低(29.6) ROE高(33.4%)
**万科A(000002)** 评分68 | 均线多头 主力流入29421.0亿 PE偏低(18.8) ROE低(1.4%)
**中国巨石(600176)** 评分45 | 均线多头 主力流入18001.5亿 PE合理(31.6) ROE低(0.3%)
**工业富联(601138)** 评分41 | 均线多头 主力流入19634.7亿 PE合理(29.4) ROE低(0.2%)

### 成长 Top 5
**贵州茅台(600519)** 评分72 | 均线多头 主力流入22338.8亿 PE偏低(29.6) ROE高(33.4%)
**平安银行(000001)** 评分75 | 均线多头 主力流入29026.9亿 PE偏低(5.8) ROE中高(11.5%)
**万科A(000002)** 评分68 | 均线多头 主力流入29421.0亿 PE偏低(18.8) ROE低(1.4%)
**中国巨石(600176)** 评分45 | 均线多头 主力流入18001.5亿 PE合理(31.6) ROE低(0.3%)
**工业富联(601138)** 评分41 | 均线多头 主力流入19634.7亿 PE合理(29.4) ROE低(0.2%)

### 反弹 Top 5
**万科A(000002)** 评分68 | 均线多头 主力流入29421.0亿 PE偏低(18.8) ROE低(1.4%)
**平安银行(000001)** 评分75 | 均线多头 主力流入29026.9亿 PE偏低(5.8) ROE中高(11.5%)
**中国巨石(600176)** 评分45 | 均线多头 主力流入18001.5亿 PE合理(31.6) ROE低(0.3%)
**贵州茅台(600519)** 评分72 | 均线多头 主力流入22338.8亿 PE偏低(29.6) ROE高(33.4%)
**工业富联(601138)** 评分41 | 均线多头 主力流入19634.7亿 PE合理(29.4) ROE低(0.2%)

### 热门 Top 5
**平安银行(000001)** 评分75 | 均线多头 主力流入29026.9亿 PE偏低(5.8) ROE中高(11.5%)
**贵州茅台(600519)** 评分72 | 均线多头 主力流入22338.8亿 PE偏低(29.6) ROE高(33.4%)
**万科A(000002)** 评分68 | 均线多头 主力流入29421.0亿 PE偏低(18.8) ROE低(1.4%)
**中国巨石(600176)** 评分45 | 均线多头 主力流入18001.5亿 PE合理(31.6) ROE低(0.3%)
**工业富联(601138)** 评分41 | 均线多头 主力流入19634.7亿 PE合理(29.4) ROE低(0.2%)

### 📊 行业集中度分析
- **银行**: 平均分75.0 (平安银行) - 估值偏低，ROE适中
- **白酒**: 平均分72.0 (贵州茅台) - 估值合理，ROE优秀
- **房地产**: 平均分68.0 (万科A) - 估值偏低，ROE偏低
- **化工**: 平均分45.0 (中国巨石) - 估值合理，ROE偏低
- **科技**: 平均分41.0 (工业富联) - 估值合理，ROE偏低

### 💡 AI二次筛选结果
**已通过AI二次筛选的优质候选：15只**
- 排除题材炒作: PE>80且ROE<5%的股票 ✅
- 排除大宗折价: 大宗交易大幅折价的股票 ✅  
- 检查近期公告: 无重大利空信息 ✅
- 板块关联: 行业分布相对分散 ✅

**风险提示：**
📈 关注主力资金流向和基本面改善情况
⚠️ 房地产板块需关注政策影响
🔍 密切关注个股基本面变化

### 📈 操作建议
1. **重点关注**: 平安银行(000001) - 低估值+主力持续流入
2. **长期配置**: 贵州茅台(600519) - 白酒龙头+ROE优秀
3. **风险控制**: 适当配置万科A(000002) - 低估值但ROE较低
4. **谨慎观望**: 化工、科技板块基本面待观察

---
⏰ 沪深300多因子选股扫描 - 每小时更新
🔗 数据来源：新浪财经 + 东方财富
🤖 AI筛选时间: 2026-04-07 12:02